NACA 65-210
  1.000000  0.000000
  0.999889  0.001072
  0.999439  0.001142
  0.998690  0.001258
  0.997641  0.001419
  0.996294  0.001626
  0.994650  0.001879
  0.992708  0.002176
  0.990471  0.002518
  0.987940  0.002903
  0.985116  0.003332
  0.982001  0.003802
  0.978596  0.004314
  0.974904  0.004867
  0.970927  0.005459
  0.966667  0.006090
  0.962127  0.006758
  0.957309  0.007463
  0.952216  0.008203
  0.946851  0.008977
  0.941218  0.009783
  0.935319  0.010621
  0.929158  0.011489
  0.922739  0.012386
  0.916066  0.013310
  0.909142  0.014260
  0.901972  0.015234
  0.894559  0.016231
  0.886909  0.017250
  0.879025  0.018288
  0.870913  0.019345
  0.862577  0.020418
  0.854022  0.021507
  0.845253  0.022609
  0.836276  0.023723
  0.827096  0.024848
  0.817718  0.025982
  0.808147  0.027123
  0.798391  0.028270
  0.788453  0.029422
  0.778341  0.030575
  0.768061  0.031730
  0.757618  0.032884
  0.747018  0.034036
  0.736269  0.035185
  0.725376  0.036327
  0.714346  0.037463
  0.703186  0.038591
  0.691903  0.039708
  0.680502  0.040813
  0.668992  0.041906
  0.657378  0.042983
  0.645668  0.044044
  0.633870  0.045086
  0.621989  0.046109
  0.610033  0.047111
  0.598010  0.048090
  0.585927  0.049044
  0.573791  0.049972
  0.561609  0.050873
  0.549388  0.051744
  0.537137  0.052585
  0.524862  0.053394
  0.512571  0.054168
  0.500272  0.054908
  0.487971  0.055610
  0.475677  0.056275
  0.463397  0.056900
  0.451138  0.057483
  0.438907  0.058025
  0.426713  0.058522
  0.414562  0.058975
  0.402462  0.059381
  0.390385  0.059737
  0.378364  0.060033
  0.366416  0.060269
  0.354548  0.060443
  0.342767  0.060556
  0.331082  0.060606
  0.319499  0.060593
  0.308025  0.060517
  0.296667  0.060378
  0.285434  0.060175
  0.274330  0.059908
  0.263365  0.059578
  0.252544  0.059184
  0.241874  0.058727
  0.231361  0.058208
  0.221013  0.057627
  0.210836  0.056984
  0.200836  0.056281
  0.191019  0.055518
  0.181391  0.054697
  0.171959  0.053818
  0.162727  0.052883
  0.153703  0.051892
  0.144891  0.050849
  0.136297  0.049753
  0.127926  0.048606
  0.119784  0.047411
  0.111874  0.046169
  0.104203  0.044882
  0.096774  0.043551
  0.089593  0.042179
  0.082663  0.040767
  0.075988  0.039318
  0.069573  0.037834
  0.063422  0.036316
  0.057538  0.034766
  0.051925  0.033187
  0.046585  0.031581
  0.041523  0.029950
  0.036740  0.028295
  0.032241  0.026619
  0.028026  0.024923
  0.024100  0.023210
  0.020463  0.021480
  0.017118  0.019737
  0.014067  0.017980
  0.011312  0.016213
  0.008854  0.014436
  0.006694  0.012650
  0.004834  0.010857
  0.003274  0.009058
  0.002015  0.007254
  0.001058  0.005445
  0.000403  0.003633
  0.000050  0.001818
  1.000000  0.000000
  0.000251  -0.001801
  0.000802  -0.003566
  0.001652  -0.005295
  0.002800  -0.006987
  0.004247  -0.008643
  0.005990  -0.010260
  0.008028  -0.011840
  0.010361  -0.013382
  0.012986  -0.014885
  0.015901  -0.016348
  0.019106  -0.017772
  0.022597  -0.019155
  0.026372  -0.020497
  0.030430  -0.021797
  0.034767  -0.023056
  0.039380  -0.024271
  0.044267  -0.025444
  0.049425  -0.026572
  0.054851  -0.027657
  0.060541  -0.028696
  0.066491  -0.029691
  0.072698  -0.030640
  0.079158  -0.031542
  0.085868  -0.032399
  0.092823  -0.033209
  0.100018  -0.033972
  0.107451  -0.034689
  0.115115  -0.035358
  0.123007  -0.035981
  0.131122  -0.036557
  0.139456  -0.037086
  0.148002  -0.037569
  0.156756  -0.038005
  0.165714  -0.038396
  0.174869  -0.038742
  0.184216  -0.039042
  0.193750  -0.039299
  0.203465  -0.039512
  0.213356  -0.039683
  0.223417  -0.039812
  0.233641  -0.039901
  0.244024  -0.039950
  0.254558  -0.039960
  0.265238  -0.039932
  0.276058  -0.039869
  0.287011  -0.039771
  0.298091  -0.039639
  0.309292  -0.039475
  0.320606  -0.039280
  0.332028  -0.039056
  0.343551  -0.038804
  0.355168  -0.038526
  0.366872  -0.038223
  0.378656  -0.037897
  0.390514  -0.037549
  0.402448  -0.037182
  0.414476  -0.036788
  0.426557  -0.036366
  0.438682  -0.035917
  0.450845  -0.035444
  0.463039  -0.034946
  0.475255  -0.034426
  0.487487  -0.033885
  0.499728  -0.033324
  0.511970  -0.032746
  0.524205  -0.032150
  0.536427  -0.031539
  0.548629  -0.030914
  0.560802  -0.030275
  0.572940  -0.029626
  0.585035  -0.028965
  0.597080  -0.028296
  0.609068  -0.027619
  0.620991  -0.026934
  0.632843  -0.026244
  0.644616  -0.025549
  0.656304  -0.024851
  0.667898  -0.024150
  0.679393  -0.023446
  0.690781  -0.022742
  0.702055  -0.022038
  0.713209  -0.021335
  0.724235  -0.020633
  0.735128  -0.019934
  0.745880  -0.019238
  0.756485  -0.018546
  0.766937  -0.017859
  0.777229  -0.017177
  0.787355  -0.016501
  0.797309  -0.015831
  0.807084  -0.015169
  0.816676  -0.014516
  0.826077  -0.013870
  0.835283  -0.013234
  0.844287  -0.012608
  0.853085  -0.011992
  0.861670  -0.011388
  0.870038  -0.010794
  0.878184  -0.010214
  0.886102  -0.009645
  0.893787  -0.009091
  0.901236  -0.008550
  0.908443  -0.008024
  0.915404  -0.007512
  0.922114  -0.007017
  0.928570  -0.006537
  0.934768  -0.006075
  0.940704  -0.005629
  0.946373  -0.005202
  0.951773  -0.004793
  0.956901  -0.004402
  0.961753  -0.004031
  0.966326  -0.003680
  0.970617  -0.003349
  0.974624  -0.003039
  0.978344  -0.002750
  0.981775  -0.002482
  0.984915  -0.002237
  0.987762  -0.002013
  0.990314  -0.001813
  0.992569  -0.001635
  0.994527  -0.001480
  0.996185  -0.001349
  0.997543  -0.001241
  0.998601  -0.001157
  0.999356  -0.001097
  0.999810  -0.001061
  1.000000  0.000000
